Chromosome	Position	n.obs	Score	Score.SE	Score.Stat	Score.pval	FlyBase Gene ID
2L	5581150	522	38.32101	7.185506	5.333098	9.66E-08	FBgn0031722
2L	5581171	522	37.83652	7.174449	5.273788	1.34E-07	FBgn0031722
2L	5581176	522	37.83652	7.174449	5.273788	1.34E-07	FBgn0031722
2L	5713484	528	-36.24924	6.906739	-5.248388	1.53E-07	FBgn0031730
3L	12676247	520	36.95986	6.758931	5.468301	4.54E-08	FBgn0014343
3R	10689620	541	-31.9675	6.079903	-5.257897	1.46E-07	FBgn0266756
3R	10858358	534	-33.60737	6.180001	-5.438085	5.39E-08	FBgn0038281
3R	10883642	542	-32.35086	5.972008	-5.417082	6.06E-08	FBgn0038281
3R	10890771	544	-33.25439	6.387204	-5.206409	1.93E-07	FBgn0038282
3R	10895072	546	34.64956	6.548777	5.290997	1.22E-07	FBgn0038282
3R	10936003	508	-39.21948	7.062133	-5.55349	2.80E-08	FBgn0261859
3R	14081436	546	39.89255	7.576206	5.265505	1.40E-07	FBgn0261019
3R	14081436	546	39.89255	7.576206	5.265505	1.40E-07	FBgn0266195
3R	14921898	506	-36.01148	6.734912	-5.346986	8.94E-08	FBgn0016120
3R	14921970	452	-33.5015	6.372268	-5.25739	1.46E-07	FBgn0016120
3R	14922137	539	-44.14623	7.439729	-5.933849	2.96E-09	FBgn0016120
3R	14922180	539	-44.51682	7.497462	-5.937586	2.89E-09	FBgn0016120
3R	14988398	515	-41.69318	7.235078	-5.762644	8.28E-09	FBgn0063127
3R	14988418	536	-39.32816	7.3138	-5.377254	7.56E-08	FBgn0063127
3R	15336940	513	38.61929	7.42152	5.20369	1.95E-07	FBgn0260003
3R	19774105	518	36.06802	6.884399	5.239095	1.61E-07	FBgn0039131
3R	22618606	496	22.79978	4.062999	5.611564	2.01E-08	NA
3R	24652834	522	23.74165	4.548373	5.219811	1.79E-07	FBgn0024273
3R	24665275	498	22.27524	4.068348	5.475256	4.37E-08	FBgn0024273
